-3.00000000000000e+001
1.09983277591973e+000
-2.00000000000000e+000
1.09983277591973e+000
8.51063829787257e-002
1.08879598662207e+000
2.46808510638298e+000
1.07474916387960e+000
5.14893617021276e+000
1.05869565217391e+000
6.63829787234042e+000
1.04966555183946e+000
1.02127659574468e+001
1.02859531772575e+000
1.49787234042553e+001
9.99498327759197e-001
1.91489361702128e+001
9.75418060200669e-001
2.00425531914894e+001
9.70401337792642e-001
2.33191489361702e+001
9.50334448160535e-001
2.51063829787234e+001
9.39297658862876e-001
2.74893617021277e+001
9.25250836120401e-001
3.01702127659575e+001
9.09197324414716e-001
3.52340425531915e+001
8.77090301003344e-001
3.94042553191489e+001
8.50000000000000e-001
1.28936170212766e+001
1.01354515050167e+000
3.31489361702128e+001
8.90133779264214e-001
3.79148936170213e+001
8.61036789297659e-001
1.73617021276596e+001
9.86454849498328e-001
8.42553191489362e+000
1.03963210702341e+000
2.18297872340425e+001
9.59364548494983e-001
2.89787234042553e+001
9.16220735785953e-001
3.65957446808510e+000
1.06772575250836e+000