0		0
0.00330033	0.0151376
0.0132013	0.040367
0.0264026	0.0756881
0.039604	0.116055
0.049505	0.14633
0.0627063	0.181651
0.0792079	0.229587
0.0957096	0.280046
0.112211	0.325459
0.132013	0.383486
0.145215	0.42133
0.155116	0.444037
0.168317	0.474312
0.174917	0.494495
0.188119	0.519725
0.20132		0.547477
0.207921	0.562615
0.227723	0.59289
0.250825	0.625688
0.277228	0.655963
0.30363		0.681193
0.336634	0.708945
0.363036	0.731651
0.39604		0.756881
0.432343	0.784633
0.452145	0.797248
0.481848	0.809862
0.524752	0.827523
0.554455	0.840138
0.584158	0.852752
0.633663	0.872936
0.679868	0.890596
0.719472	0.905734
0.792079	0.933486
0.858086	0.956193
0.943894	0.983945
0.993399	0.999083