-3.00000000000000e+001    1.02194888178914e+000
-2.79324894514768e+001    1.02194888178914e+000
-2.52742616033755e+001    1.02223642172524e+000
-2.23206751054852e+001    1.02252396166134e+000
-2.02531645569620e+001    1.02252396166134e+000
-1.78902953586498e+001    1.02252396166134e+000
-1.52320675105485e+001    1.02252396166134e+000
-1.28691983122363e+001    1.02252396166134e+000
-1.02109704641350e+001    1.02223642172524e+000
-7.84810126582278e+000    1.02194888178914e+000
-5.18987341772152e+000    1.02166134185304e+000
-2.82700421940929e+000    1.02108626198083e+000
-1.68776371308017e-001    1.01993610223642e+000
 2.48945147679325e+000    1.01734824281150e+000
 4.85232067510549e+000    1.01476038338658e+000
 6.32911392405063e+000    1.01274760383387e+000
 8.10126582278481e+000    1.01015974440895e+000
 9.87341772151899e+000    1.00785942492013e+000
 1.19409282700422e+001    1.00498402555911e+000
 1.31223628691983e+001    1.00297124600639e+000
 1.48945147679325e+001    9.99808306709265e-001
 1.66666666666667e+001    9.96932907348243e-001
 1.78481012658228e+001    9.94920127795527e-001
 1.90295358649789e+001    9.92907348242811e-001
 1.99156118143460e+001    9.90894568690096e-001
 2.05063291139240e+001    9.90031948881789e-001
 2.19831223628692e+001    9.87444089456869e-001
 2.31645569620253e+001    9.84856230031949e-001
 2.46413502109705e+001    9.82268370607029e-001
 2.58227848101266e+001    9.79968051118211e-001
 2.70042194092827e+001    9.77380191693291e-001
 2.81856540084388e+001    9.74792332268371e-001
 2.96624472573840e+001    9.71916932907348e-001
 2.99578059071730e+001    9.71054313099042e-001
 3.05485232067511e+001    9.69904153354633e-001
 3.17299578059072e+001    9.67603833865815e-001
 3.29113924050633e+001    9.65015974440894e-001
 3.40928270042194e+001    9.62715654952077e-001
 3.49789029535865e+001    9.60415335463259e-001
 3.64556962025316e+001    9.57252396166134e-001
 3.73417721518987e+001    9.54952076677316e-001
 3.85232067510549e+001    9.52364217252396e-001
 3.97046413502110e+001    9.49776357827476e-001
