-2.96902654867257e+001    9.73130990415335e-001
-2.75221238938053e+001    9.73801916932907e-001
-2.65929203539823e+001    9.74025559105431e-001
-2.87610619469027e+001    9.73354632587859e-001
-2.50442477876106e+001    9.74472843450479e-001
-2.41150442477876e+001    9.74920127795527e-001
-2.31858407079646e+001    9.75143769968051e-001
-2.16371681415929e+001    9.75814696485623e-001
-2.00884955752212e+001    9.76485623003195e-001
-1.85398230088496e+001    9.77156549520767e-001
-1.73008849557522e+001    9.77603833865815e-001
-1.63716814159292e+001    9.78051118210863e-001
-1.48230088495575e+001    9.78722044728434e-001
-1.32743362831858e+001    9.79392971246006e-001
-1.17256637168142e+001    9.80063897763578e-001
-1.11061946902655e+001    9.80511182108626e-001
-9.86725663716814e+000    9.81182108626198e-001
-8.62831858407080e+000    9.81853035143770e-001
-7.38938053097345e+000    9.82523961661342e-001
-6.15044247787611e+000    9.83194888178914e-001
-4.91150442477876e+000    9.84089456869010e-001
-3.36283185840708e+000    9.84984025559105e-001
-1.81415929203540e+000    9.85878594249201e-001
-8.84955752212392e-001    9.86549520766773e-001
 4.42477876106189e-002    9.87220447284345e-001
 9.73451327433629e-001    9.87891373801917e-001
 2.21238938053097e+000    9.88785942492013e-001
 4.07079646017699e+000    9.90127795527157e-001
 5.30973451327434e+000    9.91246006389776e-001
 6.23893805309735e+000    9.91916932907348e-001
 7.16814159292036e+000    9.92587859424920e-001
 7.78761061946902e+000    9.93258785942492e-001
 8.71681415929204e+000    9.94153354632588e-001
 9.95575221238938e+000    9.95047923322684e-001
 1.08849557522124e+001    9.96166134185304e-001
 1.18141592920354e+001    9.96837060702875e-001
 1.24336283185841e+001    9.97507987220447e-001
 1.33628318584071e+001    9.98402555910543e-001
 1.42920353982301e+001    9.99297124600639e-001
 1.52212389380531e+001    1.00019169329073e+000
 1.67699115044248e+001    1.00175718849840e+000
 1.76991150442478e+001    1.00265175718850e+000
 1.86283185840708e+001    1.00376996805112e+000
 1.98672566371681e+001    1.00511182108626e+000
 2.01769911504425e+001    1.00555910543131e+000
 2.11061946902655e+001    1.00645367412141e+000
 2.20353982300885e+001    1.00757188498403e+000
 2.29646017699115e+001    1.00891373801917e+000
 2.38938053097345e+001    1.01003194888179e+000
 2.51327433628319e+001    1.01137380191693e+000
 2.60619469026549e+001    1.01249201277955e+000
 2.69911504424779e+001    1.01383386581470e+000
 2.79203539823009e+001    1.01495207667732e+000
 2.91592920353982e+001    1.01651757188498e+000
 3.00884955752212e+001    1.01785942492013e+000
 3.10176991150443e+001    1.01897763578275e+000
 3.16371681415929e+001    1.02009584664537e+000
 3.25663716814159e+001    1.02143769968051e+000
 3.34955752212389e+001    1.02255591054313e+000
 3.41150442477876e+001    1.02345047923323e+000
 3.50442477876106e+001    1.02501597444089e+000
 3.59734513274336e+001    1.02635782747604e+000
 3.65929203539823e+001    1.02725239616613e+000
 3.75221238938053e+001    1.02859424920128e+000
 3.81415929203540e+001    1.02993610223642e+000
 3.90707964601770e+001    1.03127795527157e+000
 4.00000000000000e+001    1.03261980830671e+000
