0	1
0.124138 0.999603
0.248276 0.999206
0.413793 0.99871
0.57931	0.998214
0.765517 0.997619
0.951724 0.997122
1.24138	0.996427
1.46897	0.995929
1.71724	0.995333
1.96552	0.994836
2.23448	0.994239
2.50345	0.993643
2.71034	0.993245
3.02069	0.992647
3.33103	0.99205
3.66207	0.991453
3.95172	0.990954
4.26207	0.990357
4.53103	0.989958
4.77931	0.989559
5.13103	0.98906
5.56552	0.988559
5.85517	0.98816
6.2069	0.987858
6.53793	0.987557
6.84828	0.987255
7.11724	0.987054
7.42759	0.986752
7.94483	0.986448
8.31724	0.986146
8.62759	0.986042
8.97931	0.985839
9.47586	0.985633
9.8069	0.985529
10.0966	0.985426
10.3862	0.985421
10.7586	0.985316
11.0069	0.985213
11.2966	0.985209
11.5448	0.985106
12	0.985098